1111111111111111111111111111111111111111
1111111111111111111111111111111111111111
1111111111111111100000001111111111111111
1111111111111100000000000001111111111111
1111111111111000000000000000111111111111
1111111111110000111111111100011110111111
1111111101111111111111111111101100111111
1111111101101111111111111111111101101111
1111011101111111001111100111111001001111
1111001100011110000111000011110000000011
1111001000011110000111000001110000001111
1100000000011110000111000011110001101111
1111101100011111001101100111111101111111
1111011101011111110000111111111101111111
1111111101001111110000011111111111111111
1111111011100111100000001111111111111111
1111111111110000000000000000011111111111
1111111111110000000000000000111111111111
1111111111111100000000000011111111111111
1111111111111111100000001111111111111111
1111111111111111111111111111111101111111
1111100101111111111111110011001111111111
1111101100111111111111111001111111111111
1111101101101010011011011000111001010111
1111100011001001001001111100111001010111
1111100001001001001001111110011001000111
1111101001101001101100111011011001010111
1111101101111011101101110011001001000111
1111111111111111111111111111111111111111
1111111111111111111111111111111111111111
1111111111111111111111111111111111111111
1111111111111111111111111111111111111111
